50
50
3
49.77477
303.896
657.3326
587.1301
674.6273
621.3882
714.592
715.0518
695.1202
674.0361
662.4271
680.967
664.2753
676.819
645.0781
688.9899
663.482
688.326
634.8803
743.3839
577.1339
703.7298
734.8618
718.5973
722.2824
690.2264
690.1788
710.7826
702.4938
735.4023
749.5128
697.9341
618.7353
744.9344
760.8034
775.1938
673.5367
599.916
521.4036
538.387
603.646
600.9615
632.8713
424.1961
393.8093
474.7211
613.7606
730.7805
753.6363
239.3833
587.8895
664.8936
554.6619
666.489
629.9609
675.6757
694.5891
347.0053
502.0333
519.3187
551.0856
375.1923
459.1368
493.2669
337.758
560.0986
683.2468
740.1376
751.2584
563.6343
721.5528
759.7052
748.559
647.9622
720.6688
586.3383
658.5012
630.3183
741.6197
755.5724
598.8383
698.6656
688.3734
738.1163
697.3987
694.348
557.8801
686.9547
724.0605
732.6007
635.7279
564.9717
675.4931
694.3962
681.0134
674.3088
577.8009
