50
50
3
34.57097
203.9651
526.2327
624.8829
498.0576
528.2341
475.1722
603.3546
401.0749
498.9771
554.5389
656.7714
508.001
605.1071
650.9145
480.5151
237.1185
622.8977
596.1608
639.141
385.5793
514.827
475.3755
519.7235
328.6555
337.7694
334.437
441.6961
545.1374
606.4649
498.3802
628.417
702.9877
678.012
664.4077
603.1727
512.952
520.5351
542.7114
432.7506
498.0328
467.6394
446.9873
428.7245
573.263
585.2402
384.3345
414.6109
524.4388
641.3957
356.4808
639.5906
533.248
556.8239
605.1071
627.7464
249.9563
577.0007
374.1395
637.5518
524.7141
761.3247
557.0099
679.3478
508.9058
752.5587
558.0357
746.1016
201.3855
330.6769
609.9048
702.9383
741.0701
723.9033
696.2334
683.4803
709.9247
743.5497
725.4788
399.6643
543.3306
568.2141
312.7443
711.8451
739.5355
408.2966
724.4277
449.1556
634.5983
672.9928
571.037
649.6038
710.8331
718.8556
203.3554
68.69076
518.0005
