50
50
3
30.4401
135.9046
210.966
544.3065
394.2751
294.8374
289.4691
215.5916
310.1064
278.8778
313.3224
268.7016
252.436
251.067
310.0679
260.6407
282.1989
272.4721
255.317
324.4962
251.6673
273.4033
269.8109
130.4274
677.5527
348.9427
235.6268
341.0292
251.5027
307.4747
209.24
345.5067
304.5345
253.7556
260.2811
255.8788
328.1701
269.9274
297.5925
231.8088
319.6931
270.263
281.3573
281.2465
234.4611
346.2604
214.8366
309.4251
220.1867
358.2047
251.9844
316.5258
228.8277
312.1294
278.9478
305.801
279.2516
219.5968
316.7163
278.3654
295.2117
258.3579
267.2439
278.7612
306.6732
267.7878
266.5032
288.1927
329.4893
295.3599
282.5018
256.5945
279.8064
291.7664
281.484
286.6479
248.3917
303.26
281.8013
279.9787
243.2853
112.928
316.907
533.8458
657.5919
430.6632
480.0307
649.1399
434.1408
671.1409
556.514
643.3351
658.8917
672.4497
533.5041
463.5424
629.3662
